-0.465226   0.184552   -0.394091
-0.405521   -0.34469   -0.108054
0.131325   -0.474932   -0.403219
0.0188229   -0.25995   0.493058
0.138686   -0.15951   -0.38792
-0.202766   0.0692607   0.188821
0.281307   -0.17579   -0.463844
-0.0456075   -0.138139   0.39989
0.205109   -0.132525   0.279614
-0.055558   0.0896261   -0.104869
0.261644   -0.00841603   0.343522
0.202184   -0.0376649   -0.430252
0.0883945   -0.473776   0.202311
-0.237031   0.288407   -0.155215
-0.139576   -0.128152   0.378298
-0.180247   0.207615   -0.289785
0.200655   0.0528189   -0.459317
-0.140057   -0.379991   0.139002
0.0426774   -0.239441   -0.314519
-0.444045   0.261922   -0.34344
-0.0508906   0.220235   0.100663
-0.0108326   0.42265   0.313209
0.331992   0.134272   0.348116
-0.372663   0.379555   -0.196964
-0.303044   -0.112731   -0.0369523
-0.376547   -0.357955   -0.496102
0.28414   -0.0377221   -0.391965
0.490511   0.160137   0.497754
-0.062432   0.172141   -0.394055
-0.35232   -0.28887   0.234026
0.412332   -0.205234   -0.0444209
0.322415   0.269819   0.15794
0.476813   0.435826   0.216279
0.410886   0.063742   -0.399431
0.45089   0.102906   0.181495
-0.253358   -0.0273826   -0.451813
-0.0373352   -0.201837   0.103788
0.364944   -0.421785   0.459915
-0.391935   0.483   -0.247992
0.437451   -0.176538   -0.323192
-0.357995   -0.0318519   0.167313
0.327355   -0.471722   0.418172
-0.305129   -0.329805   0.416911
0.232444   -0.0517246   0.212278
0.000485371   0.24411   -0.18509
-0.268074   -0.334449   0.178855
0.15719   -0.149991   0.374097
0.0781857   0.322339   -0.279745
0.129305   0.0832429   -0.20119
-0.469215   -0.255353   -0.250574
-0.240744   0.451473   0.207004
-0.389003   -0.344115   -0.263532
-0.340308   0.0499286   -0.412673
0.33689   -0.187239   0.301911
0.11074   0.160933   -0.149158
0.294842   -0.0599249   0.419666
0.247906   0.176391   0.408752
0.252812   -0.189135   0.328423
0.365804   0.226472   0.436762
0.386613   -0.136413   -0.103164
0.357245   -0.443121   0.143947
0.444594   -0.0795922   -0.0182132
-0.179858   -0.410289   -0.187428
-0.355992   -0.109015   -0.131838
-0.276388   0.469563   0.0958417
-0.155964   -0.238249   -0.369738
-0.0253024   -0.249775   -0.427581
0.198346   0.461735   -0.480001
-0.389929   0.0299309   0.00777294
-0.242276   -0.0904512   0.242619
0.368405   -0.157155   -0.201185
0.0240566   -0.466708   -0.152386
-0.0163825   0.158417   -0.0536124
-0.238056   -0.121449   -0.225419
0.254162   0.304462   -0.344204
-0.174677   -0.329786   -0.3595
0.145954   0.123453   -0.320206
0.159538   0.209546   -0.105208
-0.389511   0.265728   0.175003
-0.231845   0.314933   -0.281307
0.44014   -0.117497   0.307769
-0.149438   -0.0069154   0.355329
-0.414045   -0.0492683   0.48459
0.295655   0.29165   0.44591
0.377736   0.240964   -0.0791141
0.286978   -0.439489   0.0846669
0.328316   -0.250795   0.498778
-0.344889   -0.000651939   0.0775078
-0.34595   -0.0843364   -0.257972
-0.497047   0.162705   0.100313
-0.264753   -0.477249   0.270176
0.19529   -0.388988   -0.0830343
0.346518   -0.381233   -0.445083
0.363511   -0.154226   0.00519639
0.48641   0.447943   0.426409
-0.461028   -0.279521   -0.126718
0.145017   -0.0274127   -0.486638
0.158369   0.373735   0.228672
0.0931014   0.352791   0.451999
0.480211   -0.0761018   0.141821
-0.0203045   0.417524   0.467395
0.29699   -0.338735   0.470921
-0.308784   -0.196739   -0.110762
-0.0110964   -0.39993   -0.10073
0.303708   -0.452516   -0.0509636
0.487226   -0.353045   -0.0374404
-0.364032   0.122052   0.0926141
0.279215   0.0460543   0.418266
