   0.0115332           0           0
   0.0345996           0           0
   0.0576661           0           0
   0.0807325           0           0
    0.103799           0           0
    0.126865           0           0
    0.149932           0           0
    0.172998           0           0
    0.196065           0           0
    0.219131           0           0
    0.242198           0           0
    0.265264           0           0
     0.28833           0           0
    0.311397           0           0
    0.334463           0           0
     0.35753           0           0
    0.380596           0           0
    0.403663           0           0
    0.426729           0           0
    0.449795           0           0
    0.472862           0           0
    0.495928           0           0
    0.518995           0           0
    0.542061           0           0
    0.565128           0           0
    0.588194           0           0
     0.61126           0           0
    0.634327           0           0
    0.657393           0           0
     0.68046           0           0
    0.703526           0           0
    0.726593           0           0
    0.749659           0           0
    0.772725           0           0
    0.795792           0           0
    0.818858           0           0
    0.841925           0           0
    0.864991           0           0
    0.888058           0           0
    0.911124  9.3279e-06  6.4199e-06
     0.93419 4.43649e-05 1.50964e-05
    0.957257 0.000405626 3.50039e-05
    0.980323  0.00147453   8.392e-05
     1.00339  0.00292272  8.6803e-05
     1.02646  0.00487278 9.47978e-05
     1.04952  0.00603885 0.000103509
     1.07259  0.00648531 0.000123175
     1.09566  0.00594097 0.000124862
     1.11872  0.00495914 0.000133556
     1.14179  0.00352234 7.05582e-05
     1.16485  0.00257954 7.60727e-05
     1.18792  0.00141577 5.72218e-05
     1.21099  0.00085015 4.48223e-05
     1.23405 0.000475437 3.13616e-05
     1.25712  0.00027685 1.89026e-05
     1.28019 0.000122851 1.65819e-05
     1.30325 5.01517e-05 1.04072e-05
     1.32632 7.92369e-05 1.67777e-05
     1.34939  8.0804e-05 1.47645e-05
     1.37245 0.000147999 2.35599e-05
     1.39552 0.000274366 2.35948e-05
     1.41859 0.000392502 3.10366e-05
     1.44165 0.000659486   3.388e-05
     1.46472 0.000801305 4.19466e-05
     1.48778  0.00103204 4.33327e-05
     1.51085   0.0012077 3.44909e-05
     1.53392  0.00129507 4.68052e-05
     1.55698  0.00122664 4.14816e-05
     1.58005  0.00100963  3.2413e-05
     1.60312 0.000893406 3.27369e-05
     1.62618 0.000645691 2.56232e-05
     1.64925 0.000425621 2.60007e-05
     1.67232 0.000321201 2.61456e-05
     1.69538  0.00026672 2.02084e-05
     1.71845 0.000323854 2.36294e-05
     1.74152 0.000584705 3.61518e-05
     1.76458   0.0010408 4.88239e-05
     1.78765  0.00150966 3.79944e-05
     1.81071  0.00237722 5.59255e-05
     1.83378  0.00302476 6.05428e-05
     1.85685  0.00334986 5.92948e-05
     1.87991  0.00362752 8.74092e-05
     1.90298   0.0034225 6.58454e-05
     1.92605  0.00288595 6.01375e-05
     1.94911  0.00220552 3.63012e-05
     1.97218   0.0016306  4.6196e-05
     1.99525   0.0010757 3.74193e-05
     2.01831 0.000738536 2.95234e-05
     2.04138 0.000611373  3.0112e-05
     2.06445 0.000631401 2.55562e-05
     2.08751 0.000787233 3.35467e-05
     2.11058 0.000958739 2.16716e-05
     2.13364  0.00121794 2.13532e-05
     2.15671  0.00141345 3.20672e-05
     2.17978  0.00133154 3.35075e-05
     2.20284  0.00122002 3.06196e-05
     2.22591  0.00102295 2.56936e-05
     2.24898 0.000896428 2.55343e-05
     2.27204 0.000757559 2.88451e-05
     2.29511 0.000795333  2.9439e-05
