           1    -7.56309    -7.56309           0
           2    -7.53033    -7.54671   0.0163802
           3    -7.52392    -7.53912   0.0121317
           4    -7.55829    -7.54391  0.00982713
           5    -7.52538     -7.5402  0.00846625
           6    -7.56447    -7.54425  0.00800885
           7    -7.55492    -7.54577  0.00693828
           8    -7.56261    -7.54788  0.00636678
           9    -7.56214    -7.54946  0.00583418
          10    -7.55134    -7.54965  0.00522162
          11    -7.54728    -7.54943  0.00472804
          12    -7.52501     -7.5474  0.00477192
          13    -7.54081    -7.54689  0.00441873
          14    -7.55266     -7.5473  0.00411167
          15    -7.54425     -7.5471  0.00383318
          16    -7.53939    -7.54662  0.00361787
          17     -7.5332    -7.54583  0.00348889
          18    -7.56193    -7.54672  0.00340881
          19    -7.54999     -7.5469  0.00322899
          20     -7.5584    -7.54747  0.00311686
