           1   0.0115332           0
           1   0.0345996           0
           1   0.0576661           0
           1   0.0807325           0
           1    0.103799           0
           1    0.126865           0
           1    0.149932           0
           1    0.172998           0
           1    0.196065           0
           1    0.219131           0
           1    0.242198           0
           1    0.265264           0
           1     0.28833           0
           1    0.311397           0
           1    0.334463           0
           1     0.35753           0
           1    0.380596           0
           1    0.403663           0
           1    0.426729           0
           1    0.449795           0
           1    0.472862           0
           1    0.495928           0
           1    0.518995           0
           1    0.542061           0
           1    0.565128           0
           1    0.588194           0
           1     0.61126           0
           1    0.634327           0
           1    0.657393           0
           1     0.68046           0
           1    0.703526           0
           1    0.726593           0
           1    0.749659           0
           1    0.772725           0
           1    0.795792           0
           1    0.818858           0
           1    0.841925           0
           1    0.864991           0
           1    0.888058           0
           1    0.911124           0
           1     0.93419           0
           1    0.957257 0.000338021
           1    0.980323  0.00153094
           1     1.00339  0.00207667
           1     1.02646  0.00551219
           1     1.04952  0.00583498
           1     1.07259  0.00720216
           1     1.09566  0.00651508
           1     1.11872  0.00457862
           1     1.14179  0.00326692
           1     1.16485  0.00211157
           1     1.18792  0.00170112
           1     1.21099 0.000897674
           1     1.23405  0.00045764
           1     1.25712    0.000245
           1     1.28019 9.45004e-05
           1     1.30325 4.55925e-05
           1     1.32632 4.40205e-05
           1     1.34939           0
           1     1.37245 4.11109e-05
           1     1.39552 0.000278342
           1     1.41859 0.000346325
           1     1.44165 0.000447109
           1     1.46472  0.00147989
           1     1.48778 0.000944576
           1     1.51085  0.00142482
           1     1.53392  0.00118482
           1     1.55698  0.00105414
           1     1.58005  0.00105461
           1     1.60312 0.000903952
           1     1.62618 0.000351396
           1     1.64925 0.000540923
           1     1.67232 0.000415346
           1     1.69538  0.00018859
           1     1.71845 0.000288453
           1     1.74152 0.000459593
           1     1.76458 0.000895313
           1     1.78765  0.00189011
           1     1.81071  0.00212568
           1     1.83378  0.00310882
           1     1.85685  0.00343633
           1     1.87991   0.0040318
           1     1.90298  0.00369942
           1     1.92605  0.00248411
           1     1.94911   0.0019976
           1     1.97218  0.00167241
           1     1.99525  0.00112822
           1     2.01831 0.000722377
           1     2.04138   0.0005389
           1     2.06445 0.000526925
           1     2.08751 0.000781902
           1     2.11058   0.0009909
           1     2.13364   0.0011567
           1     2.15671  0.00146506
           1     2.17978  0.00130384
           1     2.20284  0.00138838
           1     2.22591  0.00112532
           1     2.24898 0.000719592
           1     2.27204 0.000750059
           1     2.29511 0.000602747

           2   0.0115332           0
           2   0.0345996           0
           2   0.0576661           0
           2   0.0807325           0
           2    0.103799           0
           2    0.126865           0
           2    0.149932           0
           2    0.172998           0
           2    0.196065           0
           2    0.219131           0
           2    0.242198           0
           2    0.265264           0
           2     0.28833           0
           2    0.311397           0
           2    0.334463           0
           2     0.35753           0
           2    0.380596           0
           2    0.403663           0
           2    0.426729           0
           2    0.449795           0
           2    0.472862           0
           2    0.495928           0
           2    0.518995           0
           2    0.542061           0
           2    0.565128           0
           2    0.588194           0
           2     0.61126           0
           2    0.634327           0
           2    0.657393           0
           2     0.68046           0
           2    0.703526           0
           2    0.726593           0
           2    0.749659           0
           2    0.772725           0
           2    0.795792           0
           2    0.818858           0
           2    0.841925           0
           2    0.864991           0
           2    0.888058           0
           2    0.911124  9.3279e-05
           2     0.93419 0.000177459
           2    0.957257 0.000422527
           2    0.980323  0.00161151
           2     1.00339  0.00269198
           2     1.02646  0.00470374
           2     1.04952  0.00639738
           2     1.07259  0.00639444
           2     1.09566  0.00625705
           2     1.11872  0.00395988
           2     1.14179  0.00356392
           2     1.16485  0.00291055
           2     1.18792   0.0010975
           2     1.21099 0.000950478
           2     1.23405  0.00045764
           2     1.25712    0.000343
           2     1.28019 0.000189001
           2     1.30325  0.00018237
           2     1.32632 0.000220102
           2     1.34939 0.000212642
           2     1.37245 0.000164444
           2     1.39552 0.000318105
           2     1.41859 0.000538728
           2     1.44165 0.000968736
           2     1.46472 0.000721896
           2     1.48778 0.000804639
           2     1.51085 0.000949879
           2     1.53392 0.000921527
           2     1.55698  0.00105414
           2     1.58005 0.000713412
           2     1.60312   0.0012354
           2     1.62618 0.000702792
           2     1.64925 0.000483984
           2     1.67232 0.000553794
           2     1.69538 0.000350238
           2     1.71845 0.000367122
           2     1.74152 0.000893653
           2     1.76458 0.000969922
           2     1.78765  0.00157509
           2     1.81071  0.00229101
           2     1.83378   0.0030167
           2     1.85685  0.00330158
           2     1.87991  0.00326488
           2     1.90298  0.00342143
           2     1.92605  0.00252586
           2     1.94911  0.00207914
           2     1.97218  0.00151314
           2     1.99525   0.0014978
           2     2.01831 0.000741387
           2     2.04138 0.000650397
           2     2.06445 0.000726793
           2     2.08751    0.001084
           2     2.11058  0.00106044
           2     2.13364  0.00117372
           2     2.15671  0.00124863
           2     2.17978  0.00125494
           2     2.20284  0.00106922
           2     2.22591 0.000937765
           2     2.24898  0.00111766
           2     2.27204  0.00105008
           2     2.29511  0.00102908

           3   0.0115332           0
           3   0.0345996           0
           3   0.0576661           0
           3   0.0807325           0
           3    0.103799           0
           3    0.126865           0
           3    0.149932           0
           3    0.172998           0
           3    0.196065           0
           3    0.219131           0
           3    0.242198           0
           3    0.265264           0
           3     0.28833           0
           3    0.311397           0
           3    0.334463           0
           3     0.35753           0
           3    0.380596           0
           3    0.403663           0
           3    0.426729           0
           3    0.449795           0
           3    0.472862           0
           3    0.495928           0
           3    0.518995           0
           3    0.542061           0
           3    0.565128           0
           3    0.588194           0
           3     0.61126           0
           3    0.634327           0
           3    0.657393           0
           3     0.68046           0
           3    0.703526           0
           3    0.726593           0
           3    0.749659           0
           3    0.772725           0
           3    0.795792           0
           3    0.818858           0
           3    0.841925           0
           3    0.864991           0
           3    0.888058           0
           3    0.911124           0
           3     0.93419           0
           3    0.957257 0.000253516
           3    0.980323  0.00177266
           3     1.00339  0.00299963
           3     1.02646  0.00507122
           3     1.04952  0.00583498
           3     1.07259  0.00632713
           3     1.09566  0.00587002
           3     1.11872  0.00476424
           3     1.14179  0.00380151
           3     1.16485  0.00239692
           3     1.18792  0.00170112
           3     1.21099  0.00100328
           3     1.23405 0.000508488
           3     1.25712    0.000147
           3     1.28019 4.72502e-05
           3     1.30325           0
           3     1.32632 4.40205e-05
           3     1.34939 4.25284e-05
           3     1.37245 0.000123333
           3     1.39552 0.000159053
           3     1.41859 0.000423286
           3     1.44165 0.000745181
           3     1.46472 0.000721896
           3     1.48778  0.00122445
           3     1.51085  0.00108558
           3     1.53392  0.00128355
           3     1.55698  0.00134164
           3     1.58005  0.00105461
           3     1.60312  0.00105461
           3     1.62618 0.000790641
           3     1.64925 0.000199288
           3     1.67232 0.000221518
           3     1.69538  0.00018859
           3     1.71845 0.000314676
           3     1.74152 0.000587258
           3     1.76458 0.000746094
           3     1.78765   0.0014297
           3     1.81071  0.00262168
           3     1.83378  0.00303973
           3     1.85685  0.00368339
           3     1.87991  0.00350591
           3     1.90298  0.00329313
           3     1.92605   0.0032356
           3     1.94911  0.00218106
           3     1.97218  0.00151314
           3     1.99525  0.00134219
           3     2.01831 0.000513268
           3     2.04138 0.000445986
           3     2.06445 0.000635944
           3     2.08751 0.000675279
           3     2.11058  0.00100828
           3     2.13364   0.0011567
           3     2.15671  0.00144842
           3     2.17978  0.00132014
           3     2.20284  0.00143626
           3     2.22591  0.00100028
           3     2.24898 0.000734902
           3     2.27204 0.000570044
           3     2.29511 0.000896771

           4   0.0115332           0
           4   0.0345996           0
           4   0.0576661           0
           4   0.0807325           0
           4    0.103799           0
           4    0.126865           0
           4    0.149932           0
           4    0.172998           0
           4    0.196065           0
           4    0.219131           0
           4    0.242198           0
           4    0.265264           0
           4     0.28833           0
           4    0.311397           0
           4    0.334463           0
           4     0.35753           0
           4    0.380596           0
           4    0.403663           0
           4    0.426729           0
           4    0.449795           0
           4    0.472862           0
           4    0.495928           0
           4    0.518995           0
           4    0.542061           0
           4    0.565128           0
           4    0.588194           0
           4     0.61126           0
           4    0.634327           0
           4    0.657393           0
           4     0.68046           0
           4    0.703526           0
           4    0.726593           0
           4    0.749659           0
           4    0.772725           0
           4    0.795792           0
           4    0.818858           0
           4    0.841925           0
           4    0.864991           0
           4    0.888058           0
           4    0.911124  9.3279e-05
           4     0.93419           0
           4    0.957257 0.000338021
           4    0.980323  0.00185324
           4     1.00339  0.00276889
           4     1.02646  0.00470374
           4     1.04952  0.00555377
           4     1.07259  0.00659637
           4     1.09566  0.00638606
           4     1.11872  0.00470236
           4     1.14179  0.00374211
           4     1.16485  0.00251106
           4     1.18792  0.00159137
           4     1.21099 0.000633652
           4     1.23405 0.000711884
           4     1.25712    0.000245
           4     1.28019 9.45004e-05
           4     1.30325 4.55925e-05
           4     1.32632           0
           4     1.34939 4.25284e-05
           4     1.37245 0.000164444
           4     1.39552 0.000357868
           4     1.41859 0.000307845
           4     1.44165 0.000670663
           4     1.46472 0.000830181
           4     1.48778 0.000804639
           4     1.51085  0.00139089
           4     1.53392  0.00121773
           4     1.55698  0.00114997
           4     1.58005  0.00124072
           4     1.60312 0.000813557
           4     1.62618 0.000732075
           4     1.64925 0.000398575
           4     1.67232 0.000276897
           4     1.69538 0.000269414
           4     1.71845 0.000314676
           4     1.74152 0.000612791
           4     1.76458  0.00119375
           4     1.78765    0.001357
           4     1.81071  0.00236187
           4     1.83378  0.00292459
           4     1.85685  0.00321174
           4     1.87991   0.0036812
           4     1.90298  0.00335728
           4     1.92605  0.00308948
           4     1.94911  0.00252758
           4     1.97218  0.00161268
           4     1.99525   0.0009726
           4     2.01831 0.000646338
           4     2.04138 0.000520317
           4     2.06445 0.000708623
           4     2.08751 0.000657509
           4     2.11058 0.000921363
           4     2.13364  0.00141186
           4     2.15671  0.00141512
           4     2.17978  0.00122235
           4     2.20284  0.00127668
           4     2.22591 0.000969024
           4     2.24898  0.00097987
           4     2.27204 0.000750059
           4     2.29511 0.000955575

           5   0.0115332           0
           5   0.0345996           0
           5   0.0576661           0
           5   0.0807325           0
           5    0.103799           0
           5    0.126865           0
           5    0.149932           0
           5    0.172998           0
           5    0.196065           0
           5    0.219131           0
           5    0.242198           0
           5    0.265264           0
           5     0.28833           0
           5    0.311397           0
           5    0.334463           0
           5     0.35753           0
           5    0.380596           0
           5    0.403663           0
           5    0.426729           0
           5    0.449795           0
           5    0.472862           0
           5    0.495928           0
           5    0.518995           0
           5    0.542061           0
           5    0.565128           0
           5    0.588194           0
           5     0.61126           0
           5    0.634327           0
           5    0.657393           0
           5     0.68046           0
           5    0.703526           0
           5    0.726593           0
           5    0.749659           0
           5    0.772725           0
           5    0.795792           0
           5    0.818858           0
           5    0.841925           0
           5    0.864991           0
           5    0.888058           0
           5    0.911124           0
           5     0.93419 0.000177459
           5    0.957257 0.000591537
           5    0.980323  0.00177266
           5     1.00339  0.00230741
           5     1.02646  0.00404227
           5     1.04952  0.00688949
           5     1.07259  0.00673099
           5     1.09566  0.00593452
           5     1.11872  0.00470236
           5     1.14179  0.00338572
           5     1.16485  0.00273934
           5     1.18792  0.00126212
           5     1.21099  0.00100328
           5     1.23405 0.000559337
           5     1.25712    0.000294
           5     1.28019 9.45004e-05
           5     1.30325 4.55925e-05
           5     1.32632 4.40205e-05
           5     1.34939           0
           5     1.37245 0.000287776
           5     1.39552 0.000198816
           5     1.41859 0.000384806
           5     1.44165 0.000633404
           5     1.46472 0.000685802
           5     1.48778  0.00101454
           5     1.51085  0.00149267
           5     1.53392  0.00115191
           5     1.55698  0.00118192
           5     1.58005 0.000961555
           5     1.60312 0.000934084
           5     1.62618 0.000732075
           5     1.64925 0.000483984
           5     1.67232 0.000221518
           5     1.69538 0.000350238
           5     1.71845 0.000104892
           5     1.74152 0.000408527
           5     1.76458  0.00109427
           5     1.78765  0.00140546
           5     1.81071  0.00262168
           5     1.83378  0.00294762
           5     1.85685  0.00368339
           5     1.87991  0.00337444
           5     1.90298  0.00348559
           5     1.92605  0.00319385
           5     1.94911  0.00216067
           5     1.97218  0.00179187
           5     1.99525 0.000894792
           5     2.01831 0.000627328
           5     2.04138 0.000445986
           5     2.06445 0.000635944
           5     2.08751 0.000888525
           5     2.11058  0.00106044
           5     2.13364  0.00110567
           5     2.15671  0.00153166
           5     2.17978  0.00141792
           5     2.20284  0.00102134
           5     2.22591  0.00100028
           5     2.24898 0.000719592
           5     2.27204 0.000915071
           5     2.29511  0.00076446

           6   0.0115332           0
           6   0.0345996           0
           6   0.0576661           0
           6   0.0807325           0
           6    0.103799           0
           6    0.126865           0
           6    0.149932           0
           6    0.172998           0
           6    0.196065           0
           6    0.219131           0
           6    0.242198           0
           6    0.265264           0
           6     0.28833           0
           6    0.311397           0
           6    0.334463           0
           6     0.35753           0
           6    0.380596           0
           6    0.403663           0
           6    0.426729           0
           6    0.449795           0
           6    0.472862           0
           6    0.495928           0
           6    0.518995           0
           6    0.542061           0
           6    0.565128           0
           6    0.588194           0
           6     0.61126           0
           6    0.634327           0
           6    0.657393           0
           6     0.68046           0
           6    0.703526           0
           6    0.726593           0
           6    0.749659           0
           6    0.772725           0
           6    0.795792           0
           6    0.818858           0
           6    0.841925           0
           6    0.864991           0
           6    0.888058           0
           6    0.911124           0
           6     0.93419           0
           6    0.957257 0.000338021
           6    0.980323  0.00145036
           6     1.00339  0.00330729
           6     1.02646  0.00463024
           6     1.04952  0.00611618
           6     1.07259  0.00599058
           6     1.09566  0.00606354
           6     1.11872  0.00581608
           6     1.14179  0.00291053
           6     1.16485  0.00251106
           6     1.18792  0.00159137
           6     1.21099 0.000686456
           6     1.23405 0.000610186
           6     1.25712    0.000245
           6     1.28019 4.72502e-05
           6     1.30325 9.11849e-05
           6     1.32632 0.000132061
           6     1.34939 4.25284e-05
           6     1.37245 4.11109e-05
           6     1.39552 0.000516921
           6     1.41859 0.000423286
           6     1.44165 0.000782441
           6     1.46472 0.000757991
           6     1.48778 0.000839623
           6     1.51085  0.00108558
           6     1.53392  0.00128355
           6     1.55698  0.00127775
           6     1.58005  0.00114766
           6     1.60312 0.000934084
           6     1.62618 0.000644226
           6     1.64925 0.000284697
           6     1.67232 0.000221518
           6     1.69538 0.000296355
           6     1.71845 0.000314676
           6     1.74152  0.00043406
           6     1.76458  0.00126836
           6     1.78765  0.00157509
           6     1.81071  0.00233825
           6     1.83378  0.00271734
           6     1.85685  0.00377323
           6     1.87991  0.00357164
           6     1.90298  0.00318621
           6     1.92605  0.00300598
           6     1.94911  0.00214029
           6     1.97218  0.00195115
           6     1.99525  0.00087534
           6     2.01831 0.000798417
           6     2.04138 0.000594648
           6     2.06445 0.000581434
           6     2.08751 0.000639738
           6     2.11058 0.000817058
           6     2.13364  0.00136083
           6     2.15671  0.00169814
           6     2.17978  0.00141792
           6     2.20284  0.00113305
           6     2.22591  0.00100028
           6     2.24898 0.000842075
           6     2.27204 0.000810063
           6     2.29511 0.000793862

           7   0.0115332           0
           7   0.0345996           0
           7   0.0576661           0
           7   0.0807325           0
           7    0.103799           0
           7    0.126865           0
           7    0.149932           0
           7    0.172998           0
           7    0.196065           0
           7    0.219131           0
           7    0.242198           0
           7    0.265264           0
           7     0.28833           0
           7    0.311397           0
           7    0.334463           0
           7     0.35753           0
           7    0.380596           0
           7    0.403663           0
           7    0.426729           0
           7    0.449795           0
           7    0.472862           0
           7    0.495928           0
           7    0.518995           0
           7    0.542061           0
           7    0.565128           0
           7    0.588194           0
           7     0.61126           0
           7    0.634327           0
           7    0.657393           0
           7     0.68046           0
           7    0.703526           0
           7    0.726593           0
           7    0.749659           0
           7    0.772725           0
           7    0.795792           0
           7    0.818858           0
           7    0.841925           0
           7    0.864991           0
           7    0.888058           0
           7    0.911124           0
           7     0.93419           0
           7    0.957257 0.000338021
           7    0.980323  0.00145036
           7     1.00339  0.00299963
           7     1.02646   0.0053652
           7     1.04952  0.00590528
           7     1.07259  0.00599058
           7     1.09566  0.00638606
           7     1.11872  0.00501173
           7     1.14179  0.00314813
           7     1.16485  0.00291055
           7     1.18792  0.00115237
           7     1.21099 0.000686456
           7     1.23405 0.000355942
           7     1.25712     0.00049
           7     1.28019 0.000189001
           7     1.30325 9.11849e-05
           7     1.32632 0.000132061
           7     1.34939 4.25284e-05
           7     1.37245 8.22218e-05
           7     1.39552 0.000119289
           7     1.41859 0.000423286
           7     1.44165   0.0008197
           7     1.46472 0.000613612
           7     1.48778   0.0011195
           7     1.51085   0.0012552
           7     1.53392  0.00134938
           7     1.55698  0.00111803
           7     1.58005  0.00117868
           7     1.60312 0.000934084
           7     1.62618 0.000673509
           7     1.64925 0.000370105
           7     1.67232 0.000304587
           7     1.69538 0.000215531
           7     1.71845 0.000393345
           7     1.74152 0.000510659
           7     1.76458  0.00119375
           7     1.78765  0.00140546
           7     1.81071  0.00233825
           7     1.83378  0.00340818
           7     1.85685  0.00314436
           7     1.87991  0.00372503
           7     1.90298  0.00269438
           7     1.92605  0.00294335
           7     1.94911  0.00230336
           7     1.97218  0.00161268
           7     1.99525   0.0010115
           7     2.01831 0.000969506
           7     2.04138 0.000687562
           7     2.06445 0.000853982
           7     2.08751 0.000977378
           7     2.11058 0.000851826
           7     2.13364  0.00112268
           7     2.15671  0.00124863
           7     2.17978  0.00110826
           7     2.20284  0.00135647
           7     2.22591 0.000937765
           7     2.24898 0.000933938
           7     2.27204 0.000735057
           7     2.29511 0.000793862

           8   0.0115332           0
           8   0.0345996           0
           8   0.0576661           0
           8   0.0807325           0
           8    0.103799           0
           8    0.126865           0
           8    0.149932           0
           8    0.172998           0
           8    0.196065           0
           8    0.219131           0
           8    0.242198           0
           8    0.265264           0
           8     0.28833           0
           8    0.311397           0
           8    0.334463           0
           8     0.35753           0
           8    0.380596           0
           8    0.403663           0
           8    0.426729           0
           8    0.449795           0
           8    0.472862           0
           8    0.495928           0
           8    0.518995           0
           8    0.542061           0
           8    0.565128           0
           8    0.588194           0
           8     0.61126           0
           8    0.634327           0
           8    0.657393           0
           8     0.68046           0
           8    0.703526           0
           8    0.726593           0
           8    0.749659           0
           8    0.772725           0
           8    0.795792           0
           8    0.818858           0
           8    0.841925           0
           8    0.864991           0
           8    0.888058           0
           8    0.911124           0
           8     0.93419           0
           8    0.957257 0.000253516
           8    0.980323  0.00161151
           8     1.00339  0.00353803
           8     1.02646  0.00463024
           8     1.04952  0.00660829
           8     1.07259  0.00578865
           8     1.09566  0.00509595
           8     1.11872   0.0050736
           8     1.14179  0.00374211
           8     1.16485  0.00285348
           8     1.18792  0.00175599
           8     1.21099 0.000686456
           8     1.23405  0.00045764
           8     1.25712    0.000196
           8     1.28019 4.72502e-05
           8     1.30325 4.55925e-05
           8     1.32632 4.40205e-05
           8     1.34939 0.000170114
           8     1.37245 8.22218e-05
           8     1.39552 0.000437395
           8     1.41859 0.000384806
           8     1.44165 0.000447109
           8     1.46472 0.000721896
           8     1.48778  0.00129442
           8     1.51085  0.00118735
           8     1.53392  0.00151394
           8     1.55698  0.00105414
           8     1.58005  0.00105461
           8     1.60312 0.000873821
           8     1.62618 0.000556377
           8     1.64925 0.000370105
           8     1.67232 0.000387656
           8     1.69538 0.000215531
           8     1.71845 0.000236007
           8     1.74152  0.00068939
           8     1.76458  0.00111914
           8     1.78765  0.00179318
           8     1.81071  0.00288148
           8     1.83378  0.00278642
           8     1.85685  0.00296468
           8     1.87991   0.0027609
           8     1.90298  0.00352835
           8     1.92605   0.0029851
           8     1.94911  0.00220144
           8     1.97218  0.00187151
           8     1.99525  0.00122548
           8     2.01831 0.000855447
           8     2.04138 0.000780476
           8     2.06445 0.000545095
           8     2.08751 0.000835214
           8     2.11058  0.00102567
           8     2.13364  0.00105464
           8     2.15671  0.00133188
           8     2.17978  0.00105937
           8     2.20284  0.00118093
           8     2.22591  0.00123472
           8     2.24898  0.00097987
           8     2.27204 0.000795062
           8     2.29511 0.000676253

           9   0.0115332           0
           9   0.0345996           0
           9   0.0576661           0
           9   0.0807325           0
           9    0.103799           0
           9    0.126865           0
           9    0.149932           0
           9    0.172998           0
           9    0.196065           0
           9    0.219131           0
           9    0.242198           0
           9    0.265264           0
           9     0.28833           0
           9    0.311397           0
           9    0.334463           0
           9     0.35753           0
           9    0.380596           0
           9    0.403663           0
           9    0.426729           0
           9    0.449795           0
           9    0.472862           0
           9    0.495928           0
           9    0.518995           0
           9    0.542061           0
           9    0.565128           0
           9    0.588194           0
           9     0.61126           0
           9    0.634327           0
           9    0.657393           0
           9     0.68046           0
           9    0.703526           0
           9    0.726593           0
           9    0.749659           0
           9    0.772725           0
           9    0.795792           0
           9    0.818858           0
           9    0.841925           0
           9    0.864991           0
           9    0.888058           0
           9    0.911124           0
           9     0.93419 8.87297e-05
           9    0.957257 0.000338021
           9    0.980323  0.00136978
           9     1.00339  0.00369186
           9     1.02646  0.00426276
           9     1.04952  0.00555377
           9     1.07259  0.00585596
           9     1.09566  0.00670859
           9     1.11872  0.00556859
           9     1.14179  0.00350452
           9     1.16485  0.00233985
           9     1.18792  0.00142675
           9     1.21099  0.00105609
           9     1.23405 0.000305093
           9     1.25712    0.000245
           9     1.28019 0.000141751
           9     1.30325           0
           9     1.32632 8.80409e-05
           9     1.34939 8.50568e-05
           9     1.37245 0.000205555
           9     1.39552 0.000238579
           9     1.41859 0.000269364
           9     1.44165 0.000484368
           9     1.46472 0.000938465
           9     1.48778  0.00118947
           9     1.51085  0.00108558
           9     1.53392  0.00138229
           9     1.55698  0.00140552
           9     1.58005  0.00114766
           9     1.60312 0.000632767
           9     1.62618 0.000497811
           9     1.64925 0.000398575
           9     1.67232 0.000359966
           9     1.69538 0.000242472
           9     1.71845 0.000367122
           9     1.74152 0.000536192
           9     1.76458  0.00124349
           9     1.78765  0.00126007
           9     1.81071  0.00243273
           9     1.83378   0.0030167
           9     1.85685  0.00354863
           9     1.87991  0.00341826
           9     1.90298  0.00327175
           9     1.92605  0.00327735
           9     1.94911  0.00226259
           9     1.97218  0.00153304
           9     1.99525  0.00120602
           9     2.01831 0.000589308
           9     2.04138 0.000668979
           9     2.06445 0.000545095
           9     2.08751 0.000657509
           9     2.11058 0.000834442
           9     2.13364  0.00137784
           9     2.15671  0.00149836
           9     2.17978  0.00145052
           9     2.20284  0.00132455
           9     2.22591  0.00081273
           9     2.24898 0.000857386
           9     2.27204 0.000690054
           9     2.29511 0.000970276

          10   0.0115332           0
          10   0.0345996           0
          10   0.0576661           0
          10   0.0807325           0
          10    0.103799           0
          10    0.126865           0
          10    0.149932           0
          10    0.172998           0
          10    0.196065           0
          10    0.219131           0
          10    0.242198           0
          10    0.265264           0
          10     0.28833           0
          10    0.311397           0
          10    0.334463           0
          10     0.35753           0
          10    0.380596           0
          10    0.403663           0
          10    0.426729           0
          10    0.449795           0
          10    0.472862           0
          10    0.495928           0
          10    0.518995           0
          10    0.542061           0
          10    0.565128           0
          10    0.588194           0
          10     0.61126           0
          10    0.634327           0
          10    0.657393           0
          10     0.68046           0
          10    0.703526           0
          10    0.726593           0
          10    0.749659           0
          10    0.772725           0
          10    0.795792           0
          10    0.818858           0
          10    0.841925           0
          10    0.864991           0
          10    0.888058           0
          10    0.911124           0
          10     0.93419           0
          10    0.957257 0.000169011
          10    0.980323 0.000966907
          10     1.00339  0.00284581
          10     1.02646  0.00455675
          10     1.04952  0.00695979
          10     1.07259  0.00713485
          10     1.09566  0.00548298
          10     1.11872  0.00569233
          10     1.14179  0.00350452
          10     1.16485  0.00256813
          10     1.18792 0.000987747
          10     1.21099 0.000686456
          10     1.23405  0.00045764
          10     1.25712    0.000294
          10     1.28019 4.72502e-05
          10     1.30325 9.11849e-05
          10     1.32632           0
          10     1.34939 0.000127585
          10     1.37245 4.11109e-05
          10     1.39552 0.000198816
          10     1.41859 0.000269364
          10     1.44165 0.000856959
          10     1.46472 0.000866276
          10     1.48778  0.00101454
          10     1.51085  0.00115342
          10     1.53392  0.00148102
          10     1.55698  0.00134164
          10     1.58005  0.00102359
          10     1.60312 0.000873821
          10     1.62618 0.000614943
          10     1.64925 0.000341636
          10     1.67232 0.000221518
          10     1.69538 0.000215531
          10     1.71845 0.000236007
          10     1.74152  0.00025533
          10     1.76458   0.0010694
          10     1.78765  0.00159932
          10     1.81071  0.00207845
          10     1.83378  0.00336213
          10     1.85685  0.00359355
          10     1.87991  0.00394415
          10     1.90298  0.00382773
          10     1.92605  0.00304773
          10     1.94911  0.00201799
          10     1.97218  0.00127422
          10     1.99525   0.0009726
          10     2.01831 0.000608318
          10     2.04138   0.0005389
          10     2.06445 0.000526925
          10     2.08751 0.000746361
          10     2.11058 0.000973515
          10     2.13364  0.00120774
          10     2.15671  0.00159825
          10     2.17978  0.00151571
          10     2.20284  0.00116497
          10     2.22591  0.00104717
          10     2.24898 0.000903317
          10     2.27204 0.000555043
          10     2.29511 0.000779161

          11   0.0115332           0
          11   0.0345996           0
          11   0.0576661           0
          11   0.0807325           0
          11    0.103799           0
          11    0.126865           0
          11    0.149932           0
          11    0.172998           0
          11    0.196065           0
          11    0.219131           0
          11    0.242198           0
          11    0.265264           0
          11     0.28833           0
          11    0.311397           0
          11    0.334463           0
          11     0.35753           0
          11    0.380596           0
          11    0.403663           0
          11    0.426729           0
          11    0.449795           0
          11    0.472862           0
          11    0.495928           0
          11    0.518995           0
          11    0.542061           0
          11    0.565128           0
          11    0.588194           0
          11     0.61126           0
          11    0.634327           0
          11    0.657393           0
          11     0.68046           0
          11    0.703526           0
          11    0.726593           0
          11    0.749659           0
          11    0.772725           0
          11    0.795792           0
          11    0.818858           0
          11    0.841925           0
          11    0.864991           0
          11    0.888058           0
          11    0.911124           0
          11     0.93419 0.000177459
          11    0.957257 0.000760548
          11    0.980323  0.00104748
          11     1.00339  0.00330729
          11     1.02646   0.0052917
          11     1.04952  0.00618648
          11     1.07259  0.00599058
          11     1.09566  0.00535397
          11     1.11872  0.00433112
          11     1.14179  0.00374211
          11     1.16485  0.00273934
          11     1.18792   0.0010975
          11     1.21099   0.0012145
          11     1.23405 0.000559337
          11     1.25712    0.000343
          11     1.28019 0.000236251
          11     1.30325 9.11849e-05
          11     1.32632 4.40205e-05
          11     1.34939 0.000127585
          11     1.37245 0.000123333
          11     1.39552 0.000318105
          11     1.41859 0.000808092
          11     1.44165 0.000707922
          11     1.46472 0.000613612
          11     1.48778  0.00097956
          11     1.51085   0.0011195
          11     1.53392  0.00105317
          11     1.55698  0.00124581
          11     1.58005 0.000992573
          11     1.60312 0.000903952
          11     1.62618  0.00058566
          11     1.64925 0.000398575
          11     1.67232 0.000470725
          11     1.69538 0.000323297
          11     1.71845 0.000445791
          11     1.74152  0.00068939
          11     1.76458  0.00124349
          11     1.78765  0.00169625
          11     1.81071   0.0021493
          11     1.83378  0.00306276
          11     1.85685   0.0028973
          11     1.87991   0.0033087
          11     1.90298  0.00331451
          11     1.92605  0.00288073
          11     1.94911   0.0018753
          11     1.97218  0.00187151
          11     1.99525  0.00128383
          11     2.01831 0.000798417
          11     2.04138 0.000761893
          11     2.06445 0.000835812
          11     2.08751 0.000906296
          11     2.11058 0.000903979
          11     2.13364  0.00127578
          11     2.15671  0.00111545
          11     2.17978  0.00151571
          11     2.20284  0.00105326
          11     2.22591 0.000953395
          11     2.24898  0.00099518
          11     2.27204 0.000915071
          11     2.29511 0.000970276

          12   0.0115332           0
          12   0.0345996           0
          12   0.0576661           0
          12   0.0807325           0
          12    0.103799           0
          12    0.126865           0
          12    0.149932           0
          12    0.172998           0
          12    0.196065           0
          12    0.219131           0
          12    0.242198           0
          12    0.265264           0
          12     0.28833           0
          12    0.311397           0
          12    0.334463           0
          12     0.35753           0
          12    0.380596           0
          12    0.403663           0
          12    0.426729           0
          12    0.449795           0
          12    0.472862           0
          12    0.495928           0
          12    0.518995           0
          12    0.542061           0
          12    0.565128           0
          12    0.588194           0
          12     0.61126           0
          12    0.634327           0
          12    0.657393           0
          12     0.68046           0
          12    0.703526           0
          12    0.726593           0
          12    0.749659           0
          12    0.772725           0
          12    0.795792           0
          12    0.818858           0
          12    0.841925           0
          12    0.864991           0
          12    0.888058           0
          12    0.911124           0
          12     0.93419 8.87297e-05
          12    0.957257 0.000591537
          12    0.980323  0.00185324
          12     1.00339  0.00284581
          12     1.02646  0.00492422
          12     1.04952  0.00520227
          12     1.07259  0.00639444
          12     1.09566  0.00528947
          12     1.11872  0.00569233
          12     1.14179   0.0040391
          12     1.16485   0.0026252
          12     1.18792  0.00120725
          12     1.21099 0.000897674
          12     1.23405 0.000203395
          12     1.25712    0.000392
          12     1.28019 9.45004e-05
          12     1.30325 4.55925e-05
          12     1.32632 0.000132061
          12     1.34939 4.25284e-05
          12     1.37245 4.11109e-05
          12     1.39552 0.000397631
          12     1.41859 0.000384806
          12     1.44165 0.000745181
          12     1.46472 0.000757991
          12     1.48778 0.000804639
          12     1.51085  0.00135697
          12     1.53392  0.00131647
          12     1.55698  0.00134164
          12     1.58005  0.00105461
          12     1.60312 0.000723162
          12     1.62618 0.000644226
          12     1.64925 0.000483984
          12     1.67232 0.000249207
          12     1.69538 0.000323297
          12     1.71845 0.000314676
          12     1.74152 0.000842588
          12     1.76458  0.00109427
          12     1.78765  0.00133277
          12     1.81071  0.00243273
          12     1.83378  0.00283248
          12     1.85685  0.00345879
          12     1.87991  0.00341826
          12     1.90298  0.00361389
          12     1.92605  0.00267198
          12     1.94911  0.00232374
          12     1.97218  0.00153304
          12     1.99525  0.00106986
          12     2.01831 0.000817427
          12     2.04138 0.000761893
          12     2.06445 0.000545095
          12     2.08751 0.000977378
          12     2.11058 0.000782289
          12     2.13364  0.00112268
          12     2.15671  0.00149836
          12     2.17978  0.00136903
          12     2.20284  0.00100538
          12     2.22591  0.00117221
          12     2.24898 0.000933938
          12     2.27204 0.000810063
          12     2.29511 0.000558644

          13   0.0115332           0
          13   0.0345996           0
          13   0.0576661           0
          13   0.0807325           0
          13    0.103799           0
          13    0.126865           0
          13    0.149932           0
          13    0.172998           0
          13    0.196065           0
          13    0.219131           0
          13    0.242198           0
          13    0.265264           0
          13     0.28833           0
          13    0.311397           0
          13    0.334463           0
          13     0.35753           0
          13    0.380596           0
          13    0.403663           0
          13    0.426729           0
          13    0.449795           0
          13    0.472862           0
          13    0.495928           0
          13    0.518995           0
          13    0.542061           0
          13    0.565128           0
          13    0.588194           0
          13     0.61126           0
          13    0.634327           0
          13    0.657393           0
          13     0.68046           0
          13    0.703526           0
          13    0.726593           0
          13    0.749659           0
          13    0.772725           0
          13    0.795792           0
          13    0.818858           0
          13    0.841925           0
          13    0.864991           0
          13    0.888058           0
          13    0.911124           0
          13     0.93419           0
          13    0.957257 0.000169011
          13    0.980323  0.00209497
          13     1.00339  0.00292272
          13     1.02646  0.00499772
          13     1.04952  0.00604588
          13     1.07259  0.00646175
          13     1.09566  0.00522496
          13     1.11872  0.00494985
          13     1.14179  0.00285113
          13     1.16485  0.00331003
          13     1.18792  0.00181087
          13     1.21099 0.000844869
          13     1.23405 0.000508488
          13     1.25712    0.000196
          13     1.28019 9.45004e-05
          13     1.30325           0
          13     1.32632 4.40205e-05
          13     1.34939 4.25284e-05
          13     1.37245 0.000164444
          13     1.39552 0.000198816
          13     1.41859  0.00065417
          13     1.44165 0.000484368
          13     1.46472 0.000721896
          13     1.48778  0.00129442
          13     1.51085  0.00118735
          13     1.53392 0.000888615
          13     1.55698  0.00162913
          13     1.58005 0.000775448
          13     1.60312 0.000903952
          13     1.62618 0.000644226
          13     1.64925 0.000569393
          13     1.67232 0.000387656
          13     1.69538 0.000134707
          13     1.71845 0.000472014
          13     1.74152 0.000638324
          13     1.76458 0.000920183
          13     1.78765  0.00133277
          13     1.81071  0.00233825
          13     1.83378  0.00285551
          13     1.85685  0.00325666
          13     1.87991  0.00374694
          13     1.90298  0.00402018
          13     1.92605  0.00275548
          13     1.94911  0.00230336
          13     1.97218   0.0014335
          13     1.99525   0.0010115
          13     2.01831 0.000798417
          13     2.04138 0.000761893
          13     2.06445 0.000563265
          13     2.08751 0.000586427
          13     2.11058 0.000886594
          13     2.13364  0.00125877
          13     2.15671  0.00143177
          13     2.17978  0.00136903
          13     2.20284  0.00126072
          13     2.22591  0.00109406
          13     2.24898 0.000826765
          13     2.27204 0.000735057
          13     2.29511 0.000720357

          14   0.0115332           0
          14   0.0345996           0
          14   0.0576661           0
          14   0.0807325           0
          14    0.103799           0
          14    0.126865           0
          14    0.149932           0
          14    0.172998           0
          14    0.196065           0
          14    0.219131           0
          14    0.242198           0
          14    0.265264           0
          14     0.28833           0
          14    0.311397           0
          14    0.334463           0
          14     0.35753           0
          14    0.380596           0
          14    0.403663           0
          14    0.426729           0
          14    0.449795           0
          14    0.472862           0
          14    0.495928           0
          14    0.518995           0
          14    0.542061           0
          14    0.565128           0
          14    0.588194           0
          14     0.61126           0
          14    0.634327           0
          14    0.657393           0
          14     0.68046           0
          14    0.703526           0
          14    0.726593           0
          14    0.749659           0
          14    0.772725           0
          14    0.795792           0
          14    0.818858           0
          14    0.841925           0
          14    0.864991           0
          14    0.888058           0
          14    0.911124           0
          14     0.93419 8.87297e-05
          14    0.957257 0.000507032
          14    0.980323  0.00136978
          14     1.00339  0.00261507
          14     1.02646  0.00499772
          14     1.04952  0.00611618
          14     1.07259  0.00659637
          14     1.09566  0.00657958
          14     1.11872  0.00377426
          14     1.14179  0.00368271
          14     1.16485   0.0026252
          14     1.18792  0.00164625
          14     1.21099  0.00105609
          14     1.23405 0.000305093
          14     1.25712    0.000294
          14     1.28019 9.45004e-05
          14     1.30325 9.11849e-05
          14     1.32632           0
          14     1.34939 8.50568e-05
          14     1.37245 0.000287776
          14     1.39552 0.000238579
          14     1.41859 0.000346325
          14     1.44165 0.000670663
          14     1.46472  0.00101066
          14     1.48778 0.000804639
          14     1.51085   0.0011195
          14     1.53392  0.00128355
          14     1.55698  0.00121386
          14     1.58005  0.00111664
          14     1.60312 0.000783425
          14     1.62618 0.000644226
          14     1.64925 0.000540923
          14     1.67232 0.000276897
          14     1.69538 0.000350238
          14     1.71845 0.000314676
          14     1.74152 0.000740456
          14     1.76458  0.00136784
          14     1.78765  0.00155086
          14     1.81071  0.00170055
          14     1.83378  0.00294762
          14     1.85685  0.00325666
          14     1.87991  0.00379076
          14     1.90298  0.00359251
          14     1.92605  0.00279723
          14     1.94911  0.00230336
          14     1.97218  0.00163259
          14     1.99525 0.000933696
          14     2.01831 0.000760397
          14     2.04138 0.000668979
          14     2.06445 0.000763133
          14     2.08751 0.000817443
          14     2.11058 0.000956131
          14     2.13364  0.00113969
          14     2.15671  0.00123199
          14     2.17978  0.00132014
          14     2.20284  0.00130859
          14     2.22591 0.000922136
          14     2.24898 0.000903317
          14     2.27204 0.000885069
          14     2.29511 0.000749759

          15   0.0115332           0
          15   0.0345996           0
          15   0.0576661           0
          15   0.0807325           0
          15    0.103799           0
          15    0.126865           0
          15    0.149932           0
          15    0.172998           0
          15    0.196065           0
          15    0.219131           0
          15    0.242198           0
          15    0.265264           0
          15     0.28833           0
          15    0.311397           0
          15    0.334463           0
          15     0.35753           0
          15    0.380596           0
          15    0.403663           0
          15    0.426729           0
          15    0.449795           0
          15    0.472862           0
          15    0.495928           0
          15    0.518995           0
          15    0.542061           0
          15    0.565128           0
          15    0.588194           0
          15     0.61126           0
          15    0.634327           0
          15    0.657393           0
          15     0.68046           0
          15    0.703526           0
          15    0.726593           0
          15    0.749659           0
          15    0.772725           0
          15    0.795792           0
          15    0.818858           0
          15    0.841925           0
          15    0.864991           0
          15    0.888058           0
          15    0.911124           0
          15     0.93419           0
          15    0.957257 0.000591537
          15    0.980323  0.00112806
          15     1.00339  0.00292272
          15     1.02646  0.00411577
          15     1.04952  0.00618648
          15     1.07259  0.00713485
          15     1.09566   0.0056765
          15     1.11872  0.00581608
          15     1.14179  0.00350452
          15     1.16485  0.00279641
          15     1.18792    0.001317
          15     1.21099 0.000475239
          15     1.23405  0.00045764
          15     1.25712    0.000196
          15     1.28019 0.000141751
          15     1.30325           0
          15     1.32632           0
          15     1.34939           0
          15     1.37245 0.000123333
          15     1.39552 0.000198816
          15     1.41859 0.000307845
          15     1.44165 0.000707922
          15     1.46472 0.000757991
          15     1.48778  0.00125943
          15     1.51085  0.00139089
          15     1.53392  0.00151394
          15     1.55698   0.0010222
          15     1.58005  0.00105461
          15     1.60312 0.000903952
          15     1.62618 0.000614943
          15     1.64925 0.000427045
          15     1.67232 0.000193828
          15     1.69538 0.000350238
          15     1.71845 0.000157338
          15     1.74152 0.000485126
          15     1.76458 0.000646615
          15     1.78765   0.0014297
          15     1.81071  0.00236187
          15     1.83378  0.00347727
          15     1.85685  0.00345879
          15     1.87991  0.00411944
          15     1.90298  0.00342143
          15     1.92605   0.0029851
          15     1.94911  0.00224221
          15     1.97218  0.00127422
          15     1.99525  0.00105041
          15     2.01831 0.000741387
          15     2.04138 0.000408821
          15     2.06445 0.000726793
          15     2.08751 0.000462033
          15     2.11058 0.000973515
          15     2.13364  0.00125877
          15     2.15671  0.00156495
          15     2.17978   0.0016135
          15     2.20284  0.00110113
          15     2.22591  0.00100028
          15     2.24898 0.000796144
          15     2.27204 0.000675053
          15     2.29511 0.000705656

          16   0.0115332           0
          16   0.0345996           0
          16   0.0576661           0
          16   0.0807325           0
          16    0.103799           0
          16    0.126865           0
          16    0.149932           0
          16    0.172998           0
          16    0.196065           0
          16    0.219131           0
          16    0.242198           0
          16    0.265264           0
          16     0.28833           0
          16    0.311397           0
          16    0.334463           0
          16     0.35753           0
          16    0.380596           0
          16    0.403663           0
          16    0.426729           0
          16    0.449795           0
          16    0.472862           0
          16    0.495928           0
          16    0.518995           0
          16    0.542061           0
          16    0.565128           0
          16    0.588194           0
          16     0.61126           0
          16    0.634327           0
          16    0.657393           0
          16     0.68046           0
          16    0.703526           0
          16    0.726593           0
          16    0.749659           0
          16    0.772725           0
          16    0.795792           0
          16    0.818858           0
          16    0.841925           0
          16    0.864991           0
          16    0.888058           0
          16    0.911124           0
          16     0.93419           0
          16    0.957257 0.000507032
          16    0.980323  0.00136978
          16     1.00339  0.00330729
          16     1.02646  0.00485073
          16     1.04952  0.00611618
          16     1.07259  0.00706754
          16     1.09566  0.00587002
          16     1.11872    0.004393
          16     1.14179  0.00338572
          16     1.16485  0.00182623
          16     1.18792  0.00142675
          16     1.21099  0.00110889
          16     1.23405 0.000508488
          16     1.25712    0.000294
          16     1.28019 0.000283501
          16     1.30325           0
          16     1.32632 0.000264123
          16     1.34939 0.000170114
          16     1.37245           0
          16     1.39552 0.000318105
          16     1.41859 0.000423286
          16     1.44165 0.000633404
          16     1.46472 0.000721896
          16     1.48778  0.00115448
          16     1.51085  0.00118735
          16     1.53392  0.00131647
          16     1.55698  0.00108609
          16     1.58005 0.000868501
          16     1.60312  0.00108474
          16     1.62618 0.000732075
          16     1.64925 0.000341636
          16     1.67232 0.000387656
          16     1.69538 0.000215531
          16     1.71845 0.000314676
          16     1.74152 0.000561725
          16     1.76458 0.000870443
          16     1.78765  0.00176895
          16     1.81071  0.00269253
          16     1.83378  0.00352333
          16     1.85685  0.00314436
          16     1.87991  0.00333061
          16     1.90298  0.00320759
          16     1.92605  0.00235886
          16     1.94911  0.00218106
          16     1.97218  0.00177196
          16     1.99525  0.00110876
          16     2.01831 0.000817427
          16     2.04138 0.000631814
          16     2.06445 0.000744963
          16     2.08751 0.000764132
          16     2.11058  0.00116474
          16     2.13364  0.00120774
          16     2.15671  0.00139847
          16     2.17978  0.00123865
          16     2.20284  0.00119688
          16     2.22591 0.000859618
          16     2.24898 0.000918628
          16     2.27204 0.000720056
          16     2.29511 0.000779161

          17   0.0115332           0
          17   0.0345996           0
          17   0.0576661           0
          17   0.0807325           0
          17    0.103799           0
          17    0.126865           0
          17    0.149932           0
          17    0.172998           0
          17    0.196065           0
          17    0.219131           0
          17    0.242198           0
          17    0.265264           0
          17     0.28833           0
          17    0.311397           0
          17    0.334463           0
          17     0.35753           0
          17    0.380596           0
          17    0.403663           0
          17    0.426729           0
          17    0.449795           0
          17    0.472862           0
          17    0.495928           0
          17    0.518995           0
          17    0.542061           0
          17    0.565128           0
          17    0.588194           0
          17     0.61126           0
          17    0.634327           0
          17    0.657393           0
          17     0.68046           0
          17    0.703526           0
          17    0.726593           0
          17    0.749659           0
          17    0.772725           0
          17    0.795792           0
          17    0.818858           0
          17    0.841925           0
          17    0.864991           0
          17    0.888058           0
          17    0.911124           0
          17     0.93419           0
          17    0.957257 0.000422527
          17    0.980323  0.00145036
          17     1.00339  0.00284581
          17     1.02646   0.0053652
          17     1.04952  0.00555377
          17     1.07259  0.00726947
          17     1.09566  0.00587002
          17     1.11872  0.00501173
          17     1.14179  0.00326692
          17     1.16485  0.00199743
          17     1.18792  0.00137187
          17     1.21099 0.000686456
          17     1.23405 0.000762733
          17     1.25712    0.000294
          17     1.28019 0.000236251
          17     1.30325 4.55925e-05
          17     1.32632 0.000132061
          17     1.34939 0.000170114
          17     1.37245 0.000287776
          17     1.39552 0.000198816
          17     1.41859 0.000346325
          17     1.44165 0.000558886
          17     1.46472 0.000866276
          17     1.48778  0.00097956
          17     1.51085   0.0012552
          17     1.53392  0.00138229
          17     1.55698 0.000926369
          17     1.58005 0.000837483
          17     1.60312 0.000994347
          17     1.62618 0.000878491
          17     1.64925 0.000370105
          17     1.67232 0.000166138
          17     1.69538 0.000484945
          17     1.71845  0.00052446
          17     1.74152 0.000536192
          17     1.76458  0.00136784
          17     1.78765  0.00145393
          17     1.81071  0.00247996
          17     1.83378  0.00251008
          17     1.85685  0.00321174
          17     1.87991  0.00359356
          17     1.90298  0.00378496
          17     1.92605  0.00246323
          17     1.94911  0.00195683
          17     1.97218  0.00159277
          17     1.99525  0.00112822
          17     2.01831 0.000931487
          17     2.04138 0.000724728
          17     2.06445 0.000563265
          17     2.08751 0.000906296
          17     2.11058   0.0010952
          17     2.13364   0.0013098
          17     2.15671  0.00136517
          17     2.17978  0.00125494
          17     2.20284  0.00116497
          17     2.22591 0.000969024
          17     2.24898  0.00099518
          17     2.27204 0.000720056
          17     2.29511 0.000940874

          18   0.0115332           0
          18   0.0345996           0
          18   0.0576661           0
          18   0.0807325           0
          18    0.103799           0
          18    0.126865           0
          18    0.149932           0
          18    0.172998           0
          18    0.196065           0
          18    0.219131           0
          18    0.242198           0
          18    0.265264           0
          18     0.28833           0
          18    0.311397           0
          18    0.334463           0
          18     0.35753           0
          18    0.380596           0
          18    0.403663           0
          18    0.426729           0
          18    0.449795           0
          18    0.472862           0
          18    0.495928           0
          18    0.518995           0
          18    0.542061           0
          18    0.565128           0
          18    0.588194           0
          18     0.61126           0
          18    0.634327           0
          18    0.657393           0
          18     0.68046           0
          18    0.703526           0
          18    0.726593           0
          18    0.749659           0
          18    0.772725           0
          18    0.795792           0
          18    0.818858           0
          18    0.841925           0
          18    0.864991           0
          18    0.888058           0
          18    0.911124           0
          18     0.93419           0
          18    0.957257 0.000507032
          18    0.980323  0.00201439
          18     1.00339  0.00253815
          18     1.02646  0.00521821
          18     1.04952  0.00639738
          18     1.07259  0.00531748
          18     1.09566  0.00554749
          18     1.11872  0.00476424
          18     1.14179  0.00386091
          18     1.16485   0.0026252
          18     1.18792  0.00170112
          18     1.21099  0.00100328
          18     1.23405 0.000610186
          18     1.25712    0.000196
          18     1.28019 0.000189001
          18     1.30325 4.55925e-05
          18     1.32632 8.80409e-05
          18     1.34939 8.50568e-05
          18     1.37245 0.000411109
          18     1.39552 0.000238579
          18     1.41859 0.000307845
          18     1.44165  0.00040985
          18     1.46472 0.000685802
          18     1.48778  0.00097956
          18     1.51085  0.00118735
          18     1.53392    0.001119
          18     1.55698  0.00159719
          18     1.58005 0.000775448
          18     1.60312 0.000964216
          18     1.62618 0.000702792
          18     1.64925 0.000370105
          18     1.67232 0.000498415
          18     1.69538 0.000323297
          18     1.71845 0.000419568
          18     1.74152 0.000791522
          18     1.76458 0.000870443
          18     1.78765   0.0014297
          18     1.81071  0.00245635
          18     1.83378  0.00322396
          18     1.85685  0.00287484
          18     1.87991  0.00354973
          18     1.90298  0.00310067
          18     1.92605  0.00313123
          18     1.94911  0.00226259
          18     1.97218  0.00169232
          18     1.99525 0.000992052
          18     2.01831 0.000893467
          18     2.04138 0.000650397
          18     2.06445 0.000508755
          18     2.08751 0.000870755
          18     2.11058 0.000973515
          18     2.13364  0.00124176
          18     2.15671  0.00143177
          18     2.17978  0.00117345
          18     2.20284  0.00140434
          18     2.22591  0.00104717
          18     2.24898 0.000918628
          18     2.27204 0.000735057
          18     2.29511 0.000793862

          19   0.0115332           0
          19   0.0345996           0
          19   0.0576661           0
          19   0.0807325           0
          19    0.103799           0
          19    0.126865           0
          19    0.149932           0
          19    0.172998           0
          19    0.196065           0
          19    0.219131           0
          19    0.242198           0
          19    0.265264           0
          19     0.28833           0
          19    0.311397           0
          19    0.334463           0
          19     0.35753           0
          19    0.380596           0
          19    0.403663           0
          19    0.426729           0
          19    0.449795           0
          19    0.472862           0
          19    0.495928           0
          19    0.518995           0
          19    0.542061           0
          19    0.565128           0
          19    0.588194           0
          19     0.61126           0
          19    0.634327           0
          19    0.657393           0
          19     0.68046           0
          19    0.703526           0
          19    0.726593           0
          19    0.749659           0
          19    0.772725           0
          19    0.795792           0
          19    0.818858           0
          19    0.841925           0
          19    0.864991           0
          19    0.888058           0
          19    0.911124           0
          19     0.93419           0
          19    0.957257 0.000253516
          19    0.980323 0.000564029
          19     1.00339  0.00292272
          19     1.02646  0.00485073
          19     1.04952  0.00548347
          19     1.07259  0.00706754
          19     1.09566  0.00716013
          19     1.11872  0.00556859
          19     1.14179  0.00380151
          19     1.16485  0.00245399
          19     1.18792  0.00115237
          19     1.21099 0.000580848
          19     1.23405 0.000305093
          19     1.25712    0.000196
          19     1.28019 4.72502e-05
          19     1.30325           0
          19     1.32632           0
          19     1.34939 0.000127585
          19     1.37245 0.000123333
          19     1.39552 0.000159053
          19     1.41859 0.000269364
          19     1.44165 0.000782441
          19     1.46472 0.000757991
          19     1.48778 0.000769655
          19     1.51085  0.00132305
          19     1.53392  0.00174432
          19     1.55698  0.00134164
          19     1.58005  0.00105461
          19     1.60312 0.000813557
          19     1.62618 0.000673509
          19     1.64925 0.000398575
          19     1.67232 0.000166138
          19     1.69538 0.000134707
          19     1.71845 0.000183561
          19     1.74152 0.000382994
          19     1.76458 0.000646615
          19     1.78765  0.00150239
          19     1.81071  0.00233825
          19     1.83378  0.00306276
          19     1.85685  0.00359355
          19     1.87991  0.00466724
          19     1.90298  0.00342143
          19     1.92605  0.00302685
          19     1.94911  0.00242566
          19     1.97218   0.0014335
          19     1.99525 0.000953148
          19     2.01831 0.000494258
          19     2.04138 0.000297324
          19     2.06445 0.000454246
          19     2.08751 0.000764132
          19     2.11058 0.000956131
          19     2.13364  0.00122475
          19     2.15671  0.00149836
          19     2.17978  0.00153201
          19     2.20284  0.00140434
          19     2.22591  0.00114095
          19     2.24898 0.000765523
          19     2.27204  0.00051004
          19     2.29511 0.000617449

          20   0.0115332           0
          20   0.0345996           0
          20   0.0576661           0
          20   0.0807325           0
          20    0.103799           0
          20    0.126865           0
          20    0.149932           0
          20    0.172998           0
          20    0.196065           0
          20    0.219131           0
          20    0.242198           0
          20    0.265264           0
          20     0.28833           0
          20    0.311397           0
          20    0.334463           0
          20     0.35753           0
          20    0.380596           0
          20    0.403663           0
          20    0.426729           0
          20    0.449795           0
          20    0.472862           0
          20    0.495928           0
          20    0.518995           0
          20    0.542061           0
          20    0.565128           0
          20    0.588194           0
          20     0.61126           0
          20    0.634327           0
          20    0.657393           0
          20     0.68046           0
          20    0.703526           0
          20    0.726593           0
          20    0.749659           0
          20    0.772725           0
          20    0.795792           0
          20    0.818858           0
          20    0.841925           0
          20    0.864991           0
          20    0.888058           0
          20    0.911124           0
          20     0.93419 8.87297e-05
          20    0.957257 0.000422527
          20    0.980323  0.00120863
          20     1.00339  0.00299963
          20     1.02646   0.0053652
          20     1.04952  0.00583498
          20     1.07259  0.00639444
          20     1.09566  0.00554749
          20     1.11872  0.00501173
          20     1.14179  0.00374211
          20     1.16485  0.00273934
          20     1.18792    0.001317
          20     1.21099 0.000844869
          20     1.23405 0.000406791
          20     1.25712    0.000392
          20     1.28019 4.72502e-05
          20     1.30325 4.55925e-05
          20     1.32632 0.000132061
          20     1.34939           0
          20     1.37245 0.000164444
          20     1.39552 0.000397631
          20     1.41859 0.000230883
          20     1.44165 0.000633404
          20     1.46472 0.000794086
          20     1.48778  0.00136439
          20     1.51085 0.000915955
          20     1.53392  0.00151394
          20     1.55698  0.00114997
          20     1.58005  0.00108563
          20     1.60312 0.000602635
          20     1.62618 0.000497811
          20     1.64925 0.000740211
          20     1.67232 0.000443035
          20     1.69538 0.000161648
          20     1.71845 0.000393345
          20     1.74152 0.000638324
          20     1.76458 0.000994792
          20     1.78765  0.00140546
          20     1.81071  0.00250358
          20     1.83378  0.00267128
          20     1.85685  0.00350371
          20     1.87991  0.00374694
          20     1.90298  0.00320759
          20     1.92605  0.00285985
          20     1.94911  0.00236451
          20     1.97218  0.00203079
          20     1.99525 0.000855888
          20     2.01831 0.000646338
          20     2.04138 0.000687562
          20     2.06445 0.000635944
          20     2.08751 0.000746361
          20     2.11058 0.000938747
          20     2.13364  0.00119073
          20     2.15671  0.00124863
          20     2.17978  0.00117345
          20     2.20284  0.00114901
          20     2.22591  0.00123472
          20     2.24898  0.00108704
          20     2.27204 0.000825064
          20     2.29511 0.000808564

