-0.0438982   -0.207172   0.493794
-0.341238   -0.0608885   -0.307291
0.343327   0.104444   -0.231674
-0.32069   0.0831273   0.238657
-0.474566   0.188748   -0.425155
-0.334592   -0.269943   -0.406806
-0.133398   -0.238863   -0.298629
-0.133749   0.422508   0.128548
-0.350248   -0.238732   -0.209125
-0.132342   0.213855   0.167186
0.466625   -0.283021   -0.12604
0.0218032   0.406226   -0.336499
-0.353376   -0.288707   0.341826
-0.435079   0.133281   -0.237159
0.215928   0.214969   -0.0182715
0.389904   0.349683   -0.0600019
0.081109   -0.351379   0.33513
-0.456038   -0.439181   -0.353795
0.0554668   0.475288   0.214604
0.0625828   0.0732199   0.233421
0.292817   -0.0065376   -0.0105139
-0.115698   0.497851   0.308533
-0.344965   -0.442661   0.000836683
0.0379296   0.399021   -0.118891
0.0141805   -0.445616   0.0176135
0.0837279   0.26671   0.125259
0.0740017   -0.274897   -0.10232
-0.297796   0.301544   -0.473521
0.171825   -0.180261   0.0505406
0.489285   0.16505   0.143943
0.351744   0.484929   -0.354705
-0.0137145   -0.0847439   -0.120241
-0.448813   0.0422059   0.374249
-0.183987   0.482989   -0.306236
-0.419339   -0.221476   0.166328
0.308773   0.42155   0.42986
0.182857   0.0240605   -0.173331
-0.0328908   -0.40214   -0.464371
-0.237881   -0.0861042   -0.134623
-0.328571   0.328449   0.119221
0.0681125   0.0112189   0.0467343
0.232771   0.440368   -0.013913
0.164508   0.0866853   0.48671
0.115758   -0.0547822   -0.344696
-0.307809   -0.0184298   0.0408598
0.124572   0.220112   -0.220896
0.244477   -0.468736   0.257682
-0.000927806   -0.415366   -0.236879
0.444134   0.286349   -0.235835
-0.300728   -0.226159   0.00484478
-0.426554   -0.0946858   -0.48545
0.448405   -0.398842   0.0806097
-0.417528   0.287037   -0.0919179
0.359324   0.231466   0.468858
-0.340506   0.486378   0.279259
-0.0609391   0.0760433   -0.228789
-0.0930062   -0.0460025   0.348633
0.270739   0.352999   0.183178
-0.480821   0.313381   0.350197
-0.11707   0.428431   0.48798
-0.242268   -0.168779   0.194845
0.275083   -0.19658   -0.154267
-0.266625   0.11923   -0.0816654
0.219781   -0.369559   0.0928865
0.49415   -0.481185   -0.128086
0.483799   0.391186   -0.458391
-0.172407   -0.491123   -0.0886054
-0.023182   0.095745   -0.440818
0.470888   -0.301365   0.494874
-0.449508   -0.0673233   -0.0512082
0.461725   -0.467968   0.365818
0.20556   0.272955   -0.3803
0.141463   -0.264228   -0.340596
0.313576   0.0601911   0.346356
0.405614   -0.132842   0.397482
0.141448   -0.119511   0.404788
0.372957   -0.260234   0.2207
0.11026   0.426892   0.388588
0.250618   0.394635   -0.199908
-0.142527   0.154399   0.367499
0.42742   0.129504   -0.0399806
-0.130952   -0.274112   0.330723
0.389613   -0.193011   0.0293569
0.272597   -0.303465   0.442102
-0.26258   0.152001   -0.33798
0.419823   -0.0251353   0.174426
0.268979   0.134062   0.137972
0.0138889   -0.157766   0.233071
-0.33633   -0.44708   -0.196196
0.348526   -0.296882   -0.313412
-0.329633   0.491556   -0.4913
0.202481   -0.404965   -0.149503
0.16923   0.205508   0.324265
-0.262208   0.028595   0.458512
-0.133613   -0.0513212   -0.377182
-0.367252   0.329676   -0.280977
-0.174869   0.329357   -0.190273
-0.123851   0.0153901   0.151101
0.0357039   0.276786   0.492038
-0.199068   -0.382521   0.111929
-0.0487888   0.194223   -0.0406744
0.343389   -0.115472   -0.400402
0.489811   0.408999   0.126825
0.443607   -0.0997995   -0.220384
-0.276737   0.288719   0.298795
-0.101815   -0.185484   0.0397071
0.24355   -0.0805582   0.221107
0.182209   -0.456249   -0.451216
