0.103353   0.20121   -0.420429
0.323668   0.386486   -0.0884402
-0.00366787   0.182142   0.274475
-0.338306   0.261591   -0.463817
0.113115   0.111322   0.380399
0.36083   0.249499   0.447954
0.00555289   -0.158665   -0.28687
-0.355607   0.108346   0.247805
-0.149898   0.0217339   0.197433
0.171099   0.242407   -0.31378
-0.462267   0.479231   0.33114
0.053536   -0.178858   -0.22615
-0.342722   -0.151891   -0.182444
0.0617045   0.391175   -0.357155
0.342259   0.271111   -0.29844
-0.456177   0.0671644   0.43414
-0.398391   -0.498872   0.256977
-0.40812   -0.0983064   -0.34621
-0.434253   -0.426302   -0.183152
0.372973   0.367532   -0.299785
-0.126452   0.0621911   0.126756
-0.344372   -0.154202   -0.0987369
-0.00565325   -0.367517   -0.126991
-0.414322   -0.357722   0.149183
0.260762   0.0651354   0.302883
-0.452715   -0.180735   0.0280082
0.432909   0.43135   0.44981
0.0957828   0.465763   -0.227979
-0.156255   0.0641915   0.26614
-0.0508898   -0.147759   -0.390575
-0.490631   -0.237308   -0.0941309
-0.439103   -0.163927   -0.0921757
0.0355354   0.491189   -0.422972
-0.339879   0.0389378   0.123475
-0.418138   0.361415   -0.463581
-0.482373   0.231266   -0.475247
0.404656   0.304567   -0.229337
0.0744495   -0.436142   0.128405
0.0743952   0.219027   -0.29945
-0.37544   0.112846   -0.30286
-0.0518127   -0.0110913   0.335227
0.381629   0.333108   0.38207
0.0279507   -0.209726   -0.352773
0.355908   0.39414   0.431095
-0.0660714   0.248469   -0.485295
-0.471315   0.00184636   0.374479
0.0301356   0.37082   -0.449564
0.12931   -0.203933   0.382449
-0.157807   -0.137171   -0.400206
0.0128306   0.296943   -0.473228
0.0993088   0.421541   0.355677
-0.244183   -0.0357505   0.383543
-0.487935   -0.124264   -0.378901
-0.348569   -0.0191317   0.242341
0.383445   0.162743   0.497646
-0.0838891   -0.121485   -0.29573
0.295128   -0.333895   -0.133023
-0.466862   0.483022   0.165695
0.0190079   0.255459   0.193504
0.297188   -0.351653   0.01713
0.245913   0.213949   0.0459331
-0.380417   0.0836631   -0.205753
-0.0710149   0.477831   -0.299595
0.229372   0.346579   0.417784
0.059082   0.484692   0.479748
-0.0267755   -0.348669   0.177009
0.437829   0.437816   0.216457
-0.167756   0.299727   -0.319301
-0.223647   0.15102   -0.3395
0.349966   0.104946   -0.301718
0.0643022   0.27456   -0.379804
-0.136328   -0.0259256   0.36885
0.166513   -0.173481   0.10445
-0.0897682   0.0288729   -0.44683
0.388107   0.137998   -0.417362
0.483284   0.079428   0.0769807
0.2791   -0.318385   0.101968
-0.392335   -0.301405   0.0576479
-0.134837   0.496133   0.212188
0.327998   -0.353264   0.200485
0.234709   0.178519   -0.0472072
-0.36242   -0.127716   -0.013648
-0.175388   -0.00994825   -0.464537
-0.470493   -0.142093   0.282543
0.309361   0.300326   0.390176
0.156322   0.231786   -0.206363
-0.431212   -0.437167   0.187188
0.414529   0.00172317   -0.00702605
-0.434419   -0.255741   -0.0468625
-0.0126188   0.424872   -0.0351465
0.0565832   -0.325334   0.0637139
-0.446965   0.432182   -0.0536174
-0.356675   -0.336852   -0.0219316
-0.174411   -0.00855507   0.446524
0.280878   -0.406843   0.365104
-0.475536   -0.273027   -0.174903
-0.0815547   0.0766085   0.288537
-0.0124365   0.341113   -0.374859
0.472091   -0.0515432   -0.0188518
-0.391768   -0.470835   -0.242493
-0.282952   -0.483818   0.202597
-0.0954813   -0.32411   -0.0964639
0.111007   0.107062   -0.451653
-0.345638   -0.24586   -0.0889854
0.321584   0.212496   -0.467337
0.490749   -0.487252   0.231651
0.182598   0.258717   -0.00379292
-0.383382   -0.325416   0.361601
