-0.372436   0.107689   0.489366
0.394776   -0.133345   -0.367504
-0.20178   -0.471177   -0.0585188
0.169375   0.0772229   0.252678
0.0446476   -0.471879   -0.405758
-0.331711   -0.101731   0.0781599
0.0971952   0.11156   -0.296709
-0.0560081   0.388966   -0.0358889
0.0720319   0.204776   0.069643
0.184482   -0.0467399   -0.100217
-0.245201   -0.313585   0.0833045
-0.00155675   -0.499557   0.365168
-0.3514   -0.467554   -0.451418
0.376701   0.0423834   -0.0537065
-0.107978   0.266672   -0.316363
-0.285486   0.322469   -0.105373
-0.039746   -0.370529   0.0352891
-0.306165   -0.0888297   -0.395865
-0.470929   0.46791   0.209521
-0.200678   -0.00179731   -0.200915
0.143405   -0.36839   0.390326
0.26322   -0.265327   0.258066
0.0469459   -0.0311215   -0.44036
-0.311487   -0.367969   0.283534
0.27625   -0.163281   0.0871778
-0.216866   -0.49842   0.171557
-0.162227   0.15933   0.35
-0.409989   -0.431761   -0.00371835
-0.102013   -0.0717579   0.449859
-0.0146629   0.45504   0.147928
-0.225294   0.477091   0.370706
0.057747   0.396062   -0.248854
0.46266   -0.161423   0.288456
0.221869   -0.283069   -0.294961
0.25446   0.26821   -0.376155
0.134762   -0.101545   0.359442
0.328193   0.102121   -0.255647
-0.0183313   0.0244712   0.259135
-0.0941627   0.10129   -0.0103335
-0.226059   0.0431419   0.183718
0.388521   -0.40355   -0.407354
0.384919   -0.345748   0.0782415
0.32038   -0.044227   0.364186
0.0365904   -0.0966676   -0.253725
0.332652   -0.244471   -0.117435
-0.044027   -0.265909   0.41064
-0.07497   -0.262758   -0.200715
-0.362731   0.116405   0.0490885
-0.492409   0.210702   -0.382521
-0.41359   0.00675035   -0.103625
0.0418871   0.154494   0.399503
-0.0217847   -0.114956   -0.0698736
-0.483738   -0.167776   -0.189057
0.488348   -0.0368613   0.479759
0.0326894   0.213573   -0.134605
0.363375   -0.228025   0.46344
0.144032   0.391214   0.226237
0.145016   -0.239697   -0.0395089
-0.158854   0.264973   0.162675
-0.378489   -0.0201133   0.31263
-0.103828   -0.361505   0.238632
0.0225715   -0.430181   -0.145665
0.477662   0.034563   0.160342
0.481536   -0.183246   0.0112988
0.219927   0.166275   -0.0706167
0.179339   -0.197397   -0.460014
-0.146502   -0.430449   -0.457951
0.166848   -0.391369   0.12608
-0.417336   -0.243622   0.487055
0.259903   0.487746   -0.296371
0.325565   0.418811   0.118218
0.46564   0.427793   -0.304685
-0.289421   0.308161   0.453692
0.284635   0.451717   0.484231
-0.371105   -0.4873   -0.217752
-0.47022   0.0150494   -0.29465
0.417822   0.236676   0.0307185
-0.313532   0.158724   -0.274322
-0.0994178   0.0667296   -0.359946
0.496755   0.406124   -0.0696095
0.119441   -0.00775242   0.094673
-0.141799   0.466324   -0.257768
-0.369902   0.229295   0.23303
0.166039   0.368942   0.0163034
-0.0161616   -0.24568   -0.393995
-0.133993   -0.130966   0.0789557
-0.215874   -0.163951   0.281488
0.0372188   -0.21745   0.206377
0.38492   0.141434   0.437021
0.322019   -0.465082   -0.0781467
0.255012   0.244478   0.182627
0.214279   -0.047245   -0.344056
-0.344123   0.393152   0.0705728
-0.324486   0.35118   -0.324056
0.400859   0.334126   0.304691
0.225465   0.0905366   -0.472013
0.481615   -0.363937   0.324676
0.306719   -0.478032   0.299568
-0.473116   0.238729   -0.168998
0.108853   0.332702   0.497276
-0.272409   -0.33813   -0.293597
-0.493981   0.466046   0.422008
-0.0955932   0.355297   -0.479458
-0.288464   -0.214367   -0.0943936
-0.204936   -0.247434   -0.499973
0.458234   -0.3756   -0.185803
0.304271   0.321447   -0.138784
-0.0213211   0.315668   0.310344
