-0.479893   0.497184   -0.487163
-0.330952   -0.319434   -0.493474
0.499905   -0.335181   -0.331971
-0.324955   -0.478578   -0.331857
-0.163133   0.496145   0.473946
-0.000450828   -0.336458   -0.494628
-0.167273   -0.306149   -0.329137
-0.0190123   -0.484242   -0.336056
0.165281   0.49358   0.499454
0.329177   -0.359688   0.497587
0.179832   -0.353189   -0.33226
0.333907   0.485958   -0.323998
-0.467342   -0.154304   -0.496837
-0.319177   0.0225553   0.476893
-0.48459   0.0229338   -0.314048
-0.341057   -0.167853   -0.326269
-0.173483   -0.153953   0.498185
0.00345248   0.00373779   0.489366
-0.151149   -0.0123379   -0.318294
0.000519653   -0.171145   -0.339928
0.176048   -0.178685   -0.48213
0.356281   -0.0133154   -0.486623
0.196072   -0.0123284   -0.337483
0.354616   -0.186921   -0.343119
0.489325   0.169935   0.488137
-0.325314   0.319999   0.493001
-0.493335   0.33197   -0.340203
-0.340034   0.17908   -0.342503
-0.164886   0.172769   0.499622
0.0260182   0.333941   -0.459582
-0.182655   0.350155   -0.334666
-0.00388439   0.159077   -0.333413
0.169439   0.162738   0.498486
0.314003   0.323036   -0.487244
0.172401   0.328559   -0.301916
0.338728   0.170906   -0.334225
-0.491851   -0.491754   -0.161545
-0.335736   -0.332425   -0.161439
-0.479731   -0.338192   0.0105595
-0.337792   0.496649   0.000393862
-0.169014   -0.494617   -0.165706
0.00153966   -0.326641   -0.175943
-0.148287   -0.327362   -0.0130491
-0.000496429   0.494674   -0.0106081
0.183778   -0.483951   -0.155914
0.35451   -0.328639   -0.169081
0.145969   -0.341467   0.00874024
0.349498   -0.487338   -0.00820753
-0.489501   -0.169224   -0.163638
-0.325658   -0.00707361   -0.1652
-0.490124   -0.00808155   0.0119668
-0.334556   -0.16337   0.00720359
-0.184654   -0.168133   -0.166874
-0.0131113   -0.0231729   -0.151106
-0.173348   0.0112839   0.00845678
-0.0106733   -0.162344   0.00638297
0.164416   -0.164267   -0.155778
0.334387   -0.0164667   -0.153942
0.151054   0.00242488   0.00880183
0.340978   -0.190993   0.00368551
0.493087   0.153965   -0.13876
-0.348472   0.324015   -0.173683
-0.484461   0.337306   -0.00277671
-0.327446   0.173565   -0.00380449
-0.17937   0.181565   -0.186769
-0.0088763   0.339778   -0.185144
-0.168143   0.341093   -0.012584
-0.0215629   0.181166   -0.0214628
0.154535   0.137688   -0.178729
0.336445   0.316969   -0.161514
0.154291   0.333789   -0.00473709
0.305054   0.15201   -0.0143002
0.49215   0.499577   0.169481
-0.317805   -0.353584   0.158495
0.488037   -0.340841   0.316746
-0.337201   0.495197   0.343739
-0.142005   -0.498279   0.178004
-0.00255563   -0.338807   0.170243
-0.175066   -0.330645   0.327538
0.00429221   0.495355   0.331484
0.191096   0.49038   0.153874
0.326833   -0.316499   0.162872
0.146799   -0.347471   0.330561
0.3346   0.49585   0.337839
0.490218   -0.147214   0.181236
-0.33203   0.0150369   0.157067
0.498446   0.00982868   0.319401
-0.33852   -0.163331   0.300261
-0.170697   -0.163761   0.164861
-0.0147612   0.00111195   0.160146
-0.17465   0.0121154   0.327875
0.0046302   -0.169126   0.320328
0.140967   -0.168745   0.159744
0.320058   0.0176167   0.183798
0.169286   -0.00606656   0.336483
0.334668   -0.167557   0.364643
0.483918   0.162788   0.150426
-0.345092   0.352041   0.176461
0.489833   0.337606   0.345669
-0.348527   0.17496   0.329219
-0.152413   0.168091   0.156126
0.0134626   0.327438   0.160612
-0.174774   0.330749   0.319746
-0.00804861   0.167803   0.335986
0.157086   0.171019   0.189019
0.340161   0.321425   0.131955
0.157106   0.335063   0.338014
0.331397   0.177931   0.330514
