-0.463432   0.229391   0.182958
-0.477154   0.134247   -0.204803
0.208216   0.477959   -0.400105
0.295611   -0.0335589   -0.224069
0.0775169   0.0973485   0.227108
0.303751   0.140946   0.0111806
-0.359781   -0.239284   -0.31603
-0.336812   -0.152706   -0.325975
-0.459331   -0.480521   -0.227136
-0.250541   -0.477909   0.189672
0.460291   -0.451396   0.0559424
0.0706893   -0.458931   0.0680487
-0.215727   0.100154   0.390154
0.420736   -0.206895   -0.126644
0.156964   -0.192493   0.0662945
0.493915   -0.353933   -0.342386
-0.359583   0.189965   -0.0204077
-0.0585166   0.00883719   -0.39422
-0.263551   0.283067   -0.0181195
-0.0765861   -0.0407953   -0.0997287
0.445802   -0.195159   -0.0137127
0.188464   -0.412513   -0.276353
-0.465592   -0.221834   -0.405273
0.150732   0.401501   0.0773284
0.348476   0.0202871   0.272586
0.300293   -0.289833   0.212778
-0.412331   0.0998812   0.352709
-0.11798   0.158673   0.147033
-0.451856   0.172678   0.342104
-0.301177   -0.362832   -0.0267392
0.301373   -0.119957   0.116432
-0.00517454   -0.456251   0.395172
0.29404   0.138139   0.334643
0.1127   -0.205588   -0.366189
0.348914   0.265868   0.181512
0.179252   -0.091245   0.205419
0.145948   -0.380466   -0.424753
-0.177751   -0.055102   0.0564709
0.391462   -0.340336   -0.452965
0.334113   0.0165521   0.194678
-0.449263   0.115482   0.264129
-0.226195   -0.407973   -0.346701
0.458702   0.290937   -0.168139
0.49429   0.0360602   -0.39702
-0.20782   -0.490826   0.0923279
-0.250791   0.36421   0.098723
0.27759   -0.191143   0.34845
-0.0589588   -0.0644323   -0.401009
-0.489681   0.0707813   -0.32861
0.0392546   0.18982   -0.016051
-0.0367335   -0.393225   0.0735377
0.394822   0.416907   -0.351486
-0.214472   0.457521   0.017598
0.205308   0.0390155   0.0326314
0.387178   0.0551917   -0.49859
0.239487   0.491653   -0.236264
0.0965046   -0.335578   0.231273
0.482346   0.310504   -0.0864279
-0.499792   -0.204005   0.184664
-0.44875   0.251672   -0.151202
-0.466736   -0.13997   -0.346897
0.225446   0.390406   0.113246
-0.338784   0.189743   0.166787
-0.480987   -0.439081   -0.32257
-0.450456   -0.0382256   -0.396193
0.487497   -0.248929   -0.342049
0.126526   0.469198   -0.38191
0.274685   -0.412192   -0.211709
-0.472578   -0.494581   -0.00238843
0.241756   0.171083   0.0979398
0.240401   0.346665   0.190084
-0.12206   -0.205695   -0.480747
0.0558634   0.220264   -0.289697
-0.0824386   0.216424   0.0203193
-0.130067   -0.456649   -0.410639
0.00753232   0.304253   0.319795
0.342021   -0.443153   -0.115504
-0.0594288   0.04468   0.209469
0.268603   0.497954   0.0347553
-0.375452   -0.226597   -0.00810276
-0.183253   -0.101124   -0.0178986
0.00520126   -0.0975912   0.369312
-0.302797   0.357437   0.444962
-0.317774   0.107749   0.0047594
0.0269037   -0.203995   -0.451277
-0.33692   0.137361   -0.41106
-0.163711   -0.352557   -0.49686
0.459242   -0.309089   -0.410966
0.147221   0.450784   0.253732
-0.0747892   0.0603965   -0.11872
-0.0858992   0.35662   -0.466767
-0.375512   -0.118212   0.282741
-0.228099   0.224168   0.385587
-0.429504   -0.187471   0.290715
-0.315078   -0.487529   0.145516
-0.0599631   -0.0565043   0.334228
-0.0655533   0.306876   0.360502
0.133668   0.188966   -0.186534
-0.246915   -0.434614   0.491547
0.347829   -0.110125   -0.00942659
-0.498661   0.169123   0.146693
0.137615   0.458964   -0.00686884
0.242832   0.283256   0.462781
0.0187441   -0.303309   -0.139644
-0.130473   -0.10671   -0.285553
0.392748   -0.178522   0.408625
0.151169   0.408551   0.165653
-0.0816422   -0.460597   -0.310999
