-0.0439011   -0.207253   0.493579
-0.341346   -0.0606018   -0.307107
0.343451   0.104434   -0.231715
-0.32063   0.0830928   0.238705
-0.474565   0.188721   -0.425155
-0.334542   -0.26988   -0.406662
-0.133357   -0.238913   -0.298837
-0.133757   0.422536   0.128363
-0.350196   -0.238833   -0.209188
-0.132315   0.214   0.167218
0.466618   -0.282957   -0.126002
0.0218197   0.406203   -0.336447
-0.353316   -0.288641   0.341646
-0.435066   0.133306   -0.237128
0.216033   0.214898   -0.0183422
0.389954   0.349885   -0.0599264
0.0810211   -0.351465   0.335045
-0.456218   -0.439276   -0.353859
0.0553768   0.475292   0.214574
0.0625731   0.0731808   0.233623
0.292603   -0.00658866   -0.010427
-0.11572   0.497834   0.308421
-0.344816   -0.442653   0.000631916
0.0378105   0.399036   -0.118853
0.0142021   -0.445619   0.0175226
0.0837125   0.266582   0.1252
0.0741541   -0.274958   -0.102432
-0.297776   0.301528   -0.473488
0.171801   -0.180204   0.0504568
0.489168   0.164998   0.143821
0.351775   0.48507   -0.354772
-0.0136322   -0.0847553   -0.120099
-0.448924   0.0421697   0.374079
-0.1839   0.482925   -0.306148
-0.419388   -0.221571   0.16644
0.308729   0.421753   0.430076
0.182723   0.0241324   -0.173403
-0.032871   -0.402329   -0.464607
-0.237974   -0.0862307   -0.134719
-0.328585   0.328434   0.119237
0.0680251   0.0111946   0.046662
0.23273   0.440298   -0.0138583
0.164589   0.0867848   0.486819
0.115772   -0.054715   -0.344663
-0.307811   -0.0185254   0.0407269
0.124726   0.220083   -0.22071
0.244485   -0.468803   0.25759
-0.000965992   -0.415304   -0.236828
0.444199   0.286279   -0.235839
-0.300661   -0.226284   0.00482201
-0.426486   -0.0946542   -0.485612
0.448405   -0.398975   0.080492
-0.417565   0.287037   -0.0918633
0.359219   0.231657   0.468784
-0.340476   0.486297   0.279131
-0.0610474   0.0759701   -0.228641
-0.0928989   -0.0461372   0.348534
0.270793   0.35292   0.183115
-0.4809   0.313321   0.350234
-0.117073   0.428248   0.487834
-0.242399   -0.168669   0.194839
0.275297   -0.196619   -0.154272
-0.266646   0.119302   -0.0816337
0.219893   -0.369685   0.0928884
0.494056   -0.481206   -0.128137
0.483883   0.391261   -0.45854
-0.172543   -0.491066   -0.0887923
-0.0231308   0.0955216   -0.440931
0.470818   -0.301254   0.494896
-0.449586   -0.0673237   -0.0510191
0.461689   -0.467974   0.365733
0.205572   0.273059   -0.38029
0.141443   -0.263979   -0.34063
0.313613   0.0602377   0.34628
0.405608   -0.132688   0.397323
0.141622   -0.119721   0.404767
0.373058   -0.260271   0.220758
0.11038   0.426987   0.388725
0.250722   0.394531   -0.199976
-0.142483   0.154606   0.367573
0.427364   0.129475   -0.0399678
-0.130842   -0.274032   0.330697
0.389587   -0.193047   0.029497
0.272665   -0.303428   0.442027
-0.262539   0.151894   -0.338015
0.419653   -0.0248607   0.174343
0.269071   0.133876   0.137842
0.0137954   -0.157862   0.233189
-0.336362   -0.447082   -0.196123
0.348548   -0.296767   -0.313373
-0.329618   0.491834   -0.49145
0.202468   -0.405044   -0.149554
0.169331   0.205558   0.324268
-0.262297   0.0285762   0.458401
-0.133541   -0.0510772   -0.377264
-0.367192   0.329639   -0.281044
-0.174788   0.329404   -0.190283
-0.123845   0.0155394   0.151016
0.0356439   0.276657   0.492195
-0.199146   -0.382549   0.111665
-0.048924   0.194121   -0.0406288
0.343313   -0.115392   -0.400438
0.489639   0.408863   0.126695
0.443549   -0.0998213   -0.220326
-0.276805   0.288719   0.298791
-0.101646   -0.185624   0.0395875
0.243553   -0.080429   0.221235
0.182149   -0.456219   -0.451328
