-0.0112043   -0.460645   0.266858
0.12843   -0.264927   0.258331
-0.0512253   -0.248186   0.419945
0.155806   -0.436412   0.433309
0.288128   -0.427605   0.235577
0.456749   -0.273441   0.271132
0.291896   -0.274608   0.416408
0.467047   -0.440658   0.421397
-0.386286   -0.433196   0.243936
-0.197807   -0.25913   0.243084
-0.370248   -0.279578   0.413453
-0.200289   -0.420041   0.404546
-0.037137   -0.113928   0.250578
0.111313   0.067121   0.261822
-0.0533401   0.0351448   0.430674
0.129271   -0.0905218   0.424966
0.304137   -0.106453   0.261923
0.486244   0.0484255   0.250931
0.310019   0.0580191   0.411456
0.469029   -0.099801   0.434854
-0.357376   -0.114805   0.263869
-0.199208   0.0538935   0.262694
-0.365579   0.0605374   0.431052
-0.199506   -0.115752   0.41118
-0.0453742   0.232749   0.247509
0.164301   0.400343   0.266555
-0.0188427   0.398881   0.4417
0.137282   0.228845   0.419206
0.321937   0.213663   0.255553
0.462435   0.404482   0.270577
0.303509   0.38916   0.452242
0.478944   0.231405   0.420844
-0.357658   0.217626   0.257192
-0.19674   0.400113   0.262435
-0.372256   0.405388   0.42925
-0.204301   0.196438   0.426343
-0.0339857   -0.415565   -0.41865
0.13491   -0.250741   -0.412118
-0.0401285   -0.27982   -0.241498
0.126463   -0.445436   -0.225966
0.287144   -0.429165   -0.387571
0.455394   -0.281777   -0.420045
0.300078   -0.269635   -0.220155
0.468338   -0.430085   -0.241241
-0.355941   -0.437996   -0.406736
-0.216422   -0.260014   -0.416722
-0.372179   -0.279155   -0.245007
-0.208157   -0.42722   -0.235872
-0.0445071   -0.116304   -0.408276
0.123957   0.0607397   -0.425334
-0.0529349   0.0375945   -0.236102
0.126882   -0.114318   -0.250642
0.308673   -0.109359   -0.398486
0.463101   0.0537915   -0.409937
0.288225   0.0436796   -0.250203
0.474005   -0.117886   -0.250014
-0.363462   -0.109332   -0.41579
-0.191678   0.043989   -0.401846
-0.374862   0.0659502   -0.225065
-0.208522   -0.0972008   -0.241138
-0.0243054   0.229446   -0.418154
0.145464   0.398541   -0.399739
-0.0271303   0.39925   -0.251981
0.119192   0.202023   -0.25281
0.303974   0.210716   -0.425762
0.462909   0.405963   -0.410291
0.296577   0.393232   -0.226353
0.462238   0.224858   -0.242053
-0.366476   0.234721   -0.409876
-0.214511   0.387488   -0.410516
-0.36396   0.39785   -0.245719
-0.195148   0.221339   -0.254926
-0.0402616   -0.458951   -0.0760762
0.127573   -0.275676   -0.0689431
-0.0281181   -0.259833   0.0957477
0.132797   -0.445336   0.0726866
0.28856   -0.44795   -0.0674552
0.4671   -0.27313   -0.0749866
0.314704   -0.257341   0.0892968
0.465112   -0.431757   0.0828892
-0.374239   -0.442014   -0.0705423
-0.177325   -0.269158   -0.066481
-0.365666   -0.267443   0.0899233
-0.165056   -0.451005   0.109212
-0.0158425   -0.11104   -0.083278
0.146951   0.0456232   -0.0909265
-0.0396562   0.0676736   0.0684439
0.133975   -0.0947934   0.120427
0.292466   -0.112618   -0.0652364
0.464201   0.0577655   -0.0875032
0.30848   0.0526393   0.107352
0.484442   -0.109951   0.0804645
-0.357683   -0.111537   -0.0748806
-0.217111   0.0507116   -0.0637656
-0.370463   0.0544164   0.0874645
-0.199347   -0.0871909   0.0965235
-0.0367437   0.220964   -0.09541
0.126086   0.374218   -0.0777349
-0.0232755   0.373956   0.0818344
0.132921   0.220664   0.0830288
0.294884   0.205455   -0.0804606
0.461434   0.394337   -0.0483351
0.302948   0.383592   0.0947711
0.472697   0.220437   0.0919725
-0.363836   0.226146   -0.0724202
-0.206257   0.409879   -0.0948637
-0.37713   0.382085   0.108112
-0.199892   0.235415   0.0727355
